INDEX	LAE	BF	D100	ADG
A1000	36.81	11.2	148.1	0.68
A1007	32.26	10.23	160.6	0.62
A1012	39.59	18.85	146.7	0.68
A105	34.42	17.95	168.1	0.59
A109	39.25	11.08	154.9	0.65
A114	34.51	13.09	164.8	0.61
A115	40.22	18.43	156.3	0.64
A118	37.59	13.96	156.2	0.64
A120	37.16	16.9	153.8	0.65
A125	33.09	11.53	155.4	0.64
A128	37.86	17.08	167.7	0.6
A129	27.36	24.68	156.8	0.64
A133	41.79	14.83	154.8	0.65
A145	36.56	15.9	172.9	0.58
A146	38.17	14.99	152.1	0.66
A147	36.76	15.46	166	0.6
A149	35.5	16.93	167.5	0.6
A150	38.17	18.16	161.3	0.62
A156	32.65	20.53	149.7	0.67
A158	42.27	12.59	164.6	0.61
A161	35.07	15.69	159.3	0.63
A162	37.72	15.44	154.7	0.65
A165	34.23	18.56	167.8	0.6
A167	34.85	19.77	160.6	0.62
A171	39.95	14.03	158.3	0.63
A174	38.67	19.03	170.4	0.59
A175	40.7	16.91	181.8	0.55
A177	36.1	15.19	165.2	0.61
A184	39.22	21.06	171.8	0.58
A185	36.28	15.94	177.6	0.56
A186	36.51	13.94	171.6	0.58
A189	39.63	23.1	167.2	0.6
A198	36.53	12.72	158.6	0.63
A199	33.71	21.54	157.8	0.63
A2	43.12	17.51	161.9	0.62
A201	44.98	14.35	164.3	0.61
A204	33.56	21	181.7	0.55
A205	34.64	12.7	168.9	0.59
A206	30.45	14.67	179.6	0.56
A21	34.88	17.78	154.6	0.65
A210	36.82	19.82	169.6	0.59
A212	29.27	16.12	170.3	0.59
A22	39.31	18.32	166.6	0.6
A221	38.49	9.74	153.2	0.65
A238	34.58	10.8	164	0.61
A25	31.19	17.07	169.6	0.59
A251	37.51	14.56	147.3	0.68
A265	30.08	14.19	187.1	0.53
A267	45.36	11.54	161	0.62
A269	49.48	17.13	187.2	0.53
A270	34.64	14.01	165.4	0.6
A272	34.45	18.93	154.8	0.65
A274	32.7	15.83	177.8	0.56
A28	39.01	15.14	184.2	0.54
A29	35.1	20.86	157.7	0.63
A291	39.53	14.75	154.9	0.65
A296	41.11	15.52	154.9	0.65
A3	43.56	18.42	175	0.57
A300	39.38	18.71	167.9	0.6
A301	40.53	22.8	165.3	0.6
A302	40.8	16.62	154.8	0.65
A304	35.97	19.6	172	0.58
A308	33.72	14.78	163.4	0.61
A311	39.19	15.95	170.8	0.59
A312	38.85	25.86	165.7	0.6
A313	39.33	17.74	159.1	0.63
A314	42.07	16.81	160.6	0.62
A317	48.75	15.68	177.2	0.56
A319	41.69	18.11	159	0.63
A321	37.02	20.06	170.1	0.59
A324	33.63	13.74	174.5	0.57
A337	36.12	13.28	172.4	0.58
A338	37.76	9.42	170.4	0.59
A339	38.9	14.56	167.6	0.6
A34	35.05	20.74	165.3	0.6
A349	39.48	14.85	155.6	0.64
A35	42.14	11.93	177.5	0.56
A351	30.78	15.2	167	0.6
A352	39	17.7	170.7	0.59
A354	38.19	13.1	162.6	0.62
A358	42.41	17.14	168.8	0.59
A359	41.73	15.13	168.1	0.59
A36	43.84	13.71	165.4	0.6
A360	40.62	17.36	158.8	0.63
A362	39.79	12.6	175.1	0.57
A364	40.29	14.41	188	0.53
A37	33.93	12.72	179.5	0.56
A38	34.93	16.77	162.5	0.62
A383	37.91	16.93	177.2	0.56
A384	44.65	18.45	170	0.59
A388	34.74	17.05	160.2	0.62
A390	38.67	18.53	163.2	0.61
A392	36.94	13.78	159.4	0.63
A398	34.64	15.27	152.3	0.66
A399	33.29	17.99	157.2	0.64
A403	36.08	28.67	150.8	0.66
A405	38.18	16.66	171.9	0.58
A406	38.84	16.12	148.4	0.67
A407	38.74	14.27	173.6	0.58
A409	36.23	15.68	152.2	0.66
A41	35.77	21.52	166.7	0.6
A410	39.77	18.93	151.1	0.66
A411	37.54	16.23	156.2	0.64
A412	41.26	22.08	140.2	0.71
A414	45.17	17.76	145.1	0.69
A416	43.03	16.21	171.2	0.58
A419	40.11	20.04	164.8	0.61
A42	38.23	19.81	161.7	0.62
A421	39.3	13.09	155.1	0.64
A422	43.64	10.76	150	0.67
A44	36.4	14.49	166.3	0.6
A45	40.12	16.19	141.3	0.71
A461	33.39	25.58	150.3	0.67
A463	34.37	22.9	158.7	0.63
A464	38.63	22.15	158.7	0.63
A47	36.67	15.08	153	0.65
A473	38.58	16.75	152.3	0.66
A481	39.67	16.26	157.1	0.64
A49	41.63	15.5	163.7	0.61
A5	41.08	17.44	163.2	0.61
A506	36.49	20.34	154.3	0.65
A52	41.26	18.28	156.6	0.64
A55	40.18	16.36	156.9	0.64
A56	38.28	19.73	156.6	0.64
A565	33.74	17.6	146.8	0.68
A566	35.97	15.81	179.1	0.56
A571	39.55	16.72	162.3	0.62
A58	40.04	16.81	146.6	0.68
A581	42.23	15.64	153.6	0.65
A61	42.65	12.18	166.5	0.6
A62	39.77	16.95	170.4	0.59
A629	35.13	20.34	163.8	0.61
A65	37.75	15.51	161.3	0.62
A655	38.4	15.89	153.6	0.65
A657	35.47	16.8	152	0.66
A659	34.46	15.41	149	0.67
A669	37.29	18.3	155.8	0.64
A671	41.07	17.92	146.6	0.68
A69	39.91	17.44	161.2	0.62
A695	39.93	18.24	165.5	0.6
A7	37.66	16.08	156.9	0.64
A709	40.75	13.09	185.4	0.54
A71	37.66	13.8	161.9	0.62
A710	37.82	15.94	150.1	0.67
A717	46.03	13.57	169.3	0.59
A72	36.58	14.55	155.2	0.64
A721	43.45	8.09	190.8	0.52
A73	37.05	22.9	163.6	0.61
A74	41.71	17.65	150	0.67
A75	36.86	14.95	175.5	0.57
A753	37.89	22.35	152.6	0.66
A79	39.75	15.93	149.6	0.67
A8	41.18	17.95	174.6	0.57
A802	33.03	18.23	156.1	0.64
A809	37.49	17.77	156.9	0.64
A817	35.81	18.5	159.1	0.63
A82	38.83	15.92	159.4	0.63
A828	36.43	15.84	145.6	0.69
A84	34.12	14.86	159.8	0.63
A847	38.09	16.36	141.1	0.71
A849	37.99	20.85	139.5	0.72
A85	48.8	24.07	180.6	0.55
A850	41.67	16.5	144.9	0.69
A856	34.69	21.54	142.4	0.7
A874	34.5	21.52	144.5	0.69
A875	34.48	17.81	178.1	0.56
A88	38.68	16.68	156.7	0.64
A89	34.94	15.77	158.4	0.63
A9	40.1	23.67	158.2	0.63
A910	41.01	21.72	181.2	0.55
A92	34.7	12.78	155.5	0.64
A938	37.75	15.57	154.7	0.65
A940	37.24	15.95	152.3	0.66
A95	30.94	17.04	159.7	0.63
A954	36.32	20.68	152.5	0.66
A963	37.6	17.57	155	0.65
A968	34.02	12.65	157.8	0.63
A975	34.41	15.34	165.2	0.61
A980	38.14	15.05	161.6	0.62
A987	38.13	15.41	165.4	0.6
A989	40.94	16.1	164.7	0.61
A990	37.1	16.78	148.7	0.67
A999	34.01	14.9	180.5	0.55
B102	45.03	13	211.32	0.47
B103	44.81	20.8	123.77	0.81
B105	37.26	22	136.47	0.73
B107	54.21	9.2	146.31	0.68
B11	41.23	11.9	120.17	0.83
B110	45.83	14	150.13	0.67
B112	49.37	15.8	134.83	0.74
B117	40.74	22.2	135.26	0.74
B12	45.85	16.4	108.28	0.92
B123	44.44	11.2	133.65	0.75
B124	34.6	26.9	113.14	0.88
B125	36.17	19.6	119.54	0.84
B126	52.95	13.9	141.02	0.71
B127	41.76	21.1	223.69	0.45
B128	45.62	18.1	131.54	0.76
B132	39.51	18.3	134.41	0.74
B135	43.44	18.2	148.42	0.67
B137	36.37	15.8	139.8	0.72
B138	37.22	22.7	112.54	0.89
B143	41.67	21.7	145.71	0.69
B145	38.18	18.1	117.87	0.85
B154	38.11	19.2	236.37	0.42
B156	34.6	17.5	135.66	0.74
B157	30.24	15.2	130.28	0.77
B164	43.23	21.9	161.29	0.62
B165	37.5	21.1	124.73	0.8
B166	44.46	16.4	157.63	0.63
B167	43.07	22.8	131.19	0.76
B169	47.32	15.4	210.91	0.47
B171	36.51	14.1	130.28	0.77
B174	37.18	17.2	129.98	0.77
B175	39.67	17.8	134.17	0.75
B176	41.19	13.3	142.25	0.7
B177	43.86	24	139	0.72
B18	43.35	13	136.8	0.73
B180	42.95	19.7	142.84	0.7
B182	39.11	22.5	135.16	0.74
B183	49.55	18.1	158.33	0.63
B185	41.47	14.9	161.82	0.62
B186	35.43	17	155.51	0.64
B187	47.76	16.2	127.5	0.78
B19	41.03	13.7	132.71	0.75
B195	41.53	20.1	160.76	0.62
B198	33.3	17.3	153.26	0.65
B222	42.62	15	120.39	0.83
B223	48.35	12.2	167.99	0.6
B230	43.01	17.9	145.1	0.69
B231	42.9	16.3	136.14	0.73
B233	41.79	21.1	149.72	0.67
B234	50.32	11.7	127.96	0.78
B238	46.52	13.9	140.89	0.71
B244	41.22	15.7	131.34	0.76
B246	41.51	14.4	132.41	0.76
B247	41.54	14.6	144.96	0.69
B248	45.38	13.6	144.5	0.69
B249	50.66	17.2	133.65	0.75
B25	37.74	16.4	137.81	0.73
B252	38.74	18.7	169.49	0.59
B255	33.42	20.2	149.26	0.67
B258	39.47	15.4	144.66	0.69
B26	44.29	15.4	138.16	0.72
B260	42.28	11.9	130.26	0.77
B262	43.36	14.1	126.25	0.79
B264	47.08	16.6	146.81	0.68
B267	49.84	12	129.24	0.77
B268	40.25	13.1	174.39	0.57
B269	44.43	16.7	141.21	0.71
B28	34.34	11.4	140.74	0.71
B283	39.4	11.5	174.08	0.57
B288	44.32	23.3	123.49	0.81
B290	46.17	20.4	128.02	0.78
B299	43.64	12.4	112.71	0.89
B3	44.46	12.6	120.44	0.83
B302	44.46	15.1	134.27	0.74
B305	49.52	22.8	131.22	0.76
B310	40.63	18.6	146.23	0.68
B315	45.22	17.3	141.02	0.71
B318	47.47	13.5	140.89	0.71
B32	39.13	15.5	129.68	0.77
B324	35.11	18.9	184.35	0.54
B33	38.79	16	149.44	0.67
B331	41.71	15.3	154.67	0.65
B334	36.23	17.3	204.62	0.49
B339	46.3	12.9	145.53	0.69
B345	43.14	15.4	131.25	0.76
B346	37.66	20.4	129.19	0.77
B352	49.34	19.1	130.28	0.77
B354	43.09	13.3	144.89	0.69
B357	47.85	17.4	130.29	0.77
B359	42.61	12	142.78	0.7
B36	38.82	12.9	164.4	0.61
B362	42.98	17.7	135.12	0.74
B364	41.78	24.1	136.54	0.73
B368	44.69	18	141.36	0.71
B369	47.99	15.7	128.09	0.78
B37	39.1	11.5	138.02	0.72
B373	43.96	20.5	161.03	0.62
B374	50.96	16.5	144.83	0.69
B375	38.99	19.1	143.58	0.7
B376	40.41	17.3	121.78	0.82
B378	43.07	17.5	135.42	0.74
B38	44.6	13.6	133.19	0.75
B385	41.18	17.2	160.89	0.62
B388	42.38	22.3	133.52	0.75
B39	39.26	14	123.13	0.81
B391	39.68	19.2	144.08	0.69
B395	41.62	17.5	159.94	0.63
B396	48.72	16.2	148.59	0.67
B397	45.19	14.2	150.26	0.67
B398	49.44	17.1	196.09	0.51
B399	46.89	19.8	177.97	0.56
B404	40.45	19.6	147.35	0.68
B406	47.89	16.8	148.33	0.67
B407	41.86	15.4	118.61	0.84
B408	42.6	17.7	125.48	0.8
B409	44.86	12.4	147.93	0.68
B41	39.13	9.8	155.56	0.64
B410	46	17.6	171.29	0.58
B413	44.91	13.9	172.86	0.58
B42	42.38	12.5	139.69	0.72
B421	36.28	18.4	165.43	0.6
B423	37	12.9	151.56	0.66
B424	41.07	15.8	145.26	0.69
B432	41.9	21.1	132.67	0.75
B437	39.99	15.1	171.53	0.58
B438	44.02	14.9	142.28	0.7
B44	41.79	16.3	142.15	0.7
B440	40.85	13.7	141.07	0.71
B444	40.63	14.6	141.36	0.71
B446	41.12	10.3	152.56	0.66
B448	42.68	12.9	172.51	0.58
B449	41.34	11.1	168.51	0.59
B454	52.66	19.6	172.06	0.58
B455	44.38	16.1	169.57	0.59
B456	40.34	11.9	194.05	0.52
B458	38.43	14.3	135.27	0.74
B46	38.38	13.9	140.15	0.71
B462	42.07	21.5	148.18	0.67
B465	46.91	22.3	131.25	0.76
B466	48.72	16.2	148.59	0.67
B467	47.11	13	146.21	0.68
B468	40.76	20.1	156	0.64
B470	40.25	16	140.03	0.71
B471	43.71	16.2	149.44	0.67
B472	44.14	16.3	154.22	0.65
B473	36.62	14.1	152.8	0.65
B474	43.83	16.8	139.85	0.72
B476	45.56	17.1	129.8	0.77
B478	35.91	16.7	125.63	0.8
B479	46.46	14.7	157.46	0.64
B48	43.14	13.2	152.12	0.66
B482	43.2	19.1	149.11	0.67
B485	42.21	18.3	138.07	0.72
B494	43.63	15.8	145.63	0.69
B497	47.33	23	117.76	0.85
B499	50.34	13.3	171.06	0.58
B5	40.32	16.5	147.54	0.68
B50	44.59	14.2	110.78	0.9
B505	38.58	14.8	146.68	0.68
B507	46.76	21.3	113.17	0.88
B508	39.91	13.1	115.25	0.87
B511	39.89	16.2	137.66	0.73
B518	42.13	20.7	121.39	0.82
B52	41.34	13.5	138.59	0.72
B520	46.88	19.1	112.07	0.89
B522	41.73	16.5	124.65	0.8
B523	40.69	12.6	130.74	0.76
B524	44.59	11	146.59	0.68
B526	30.53	12.5	147.74	0.68
B53	39.05	15.5	120.26	0.83
B532	46.62	9.1	167.5	0.6
B540	45.39	16.2	141.39	0.71
B546	51.36	11.9	145.6	0.69
B55	42.88	15.2	144.66	0.69
B554	43.59	21	186.25	0.54
B559	36.76	17.8	138.4	0.72
B562	38.29	19.2	112.28	0.89
B566	37.97	22	118.64	0.84
B569	50.83	11.5	171.76	0.58
B57	43.67	17.2	113.32	0.88
B571	46.25	11.8	107.93	0.93
B574	45.83	13.9	124.77	0.8
B58	42.3	12.4	136.14	0.73
B581	50.33	15.3	117.3	0.85
B586	48.26	16.4	117.5	0.85
B59	35.98	17.9	149.92	0.67
B593	56.08	18.1	116.68	0.86
B595	42.98	13.8	126.24	0.79
B599	44.32	14.4	134.22	0.75
B604	48.83	12.1	107.76	0.93
B605	51.63	15.3	137.53	0.73
B609	47.96	9	125.62	0.8
B619	39.87	19.3	130.61	0.77
B620	42.31	15.2	134.47	0.74
B621	39.41	15	145.66	0.69
B622	43.37	21	124.55	0.8
B624	39.06	15.6	130.88	0.76
B625	39.52	16.8	145.1	0.69
B626	43.78	14.4	156.38	0.64
B628	41.67	17	146.23	0.68
B630	39.55	12.4	167.5	0.6
B634	35.7	20.3	138.92	0.72
B637	37.17	18.2	126.31	0.79
B639	38.76	11.8	148.92	0.67
B640	40.35	16.4	102.08	0.98
B641	38.47	13.3	136.71	0.73
B642	45.48	17.4	134.01	0.75
B645	38.1	16.7	162	0.62
B646	35.52	15.1	193.51	0.52
B647	42.14	26.1	109.7	0.91
B648	34.85	21.2	159	0.63
B649	40.67	15.1	145.83	0.69
B652	30.85	13.6	168.49	0.59
B654	40.11	17.3	140.74	0.71
B656	35.45	20.8	183.15	0.55
B658	38.54	18.8	146.98	0.68
B66	44.64	17.4	126.5	0.79
B660	34.89	12.4	166.45	0.6
B661	45.66	18	133.69	0.75
B662	40.72	17.8	142.5	0.7
B663	39.81	13.7	157	0.64
B664	41.72	20.6	157	0.64
B665	38.63	20.1	123.68	0.81
B666	42.58	17.4	149.32	0.67
B667	39.12	12.4	158.08	0.63
B668	41.83	15.2	135.87	0.74
B670	41.23	13.1	134.06	0.75
B673	38.89	16.8	159.94	0.63
B675	35.74	22.3	120.39	0.83
B68	45.45	16.2	148.5	0.67
B680	41.01	17.4	158.87	0.63
B686	35.18	12.2	151.11	0.66
B688	39.26	21.4	142.15	0.7
B69	39.27	12.5	179.12	0.56
B690	38.43	18.2	135.54	0.74
B691	47.87	17.8	149.88	0.67
B695	37.88	11.3	158.54	0.63
B696	38.95	14.2	155.2	0.64
B698	39.39	11	140.87	0.71
B699	29.67	21.5	158.7	0.63
B702	41.71	11.7	129.98	0.77
B704	34.71	20.3	132.42	0.76
B706	39.41	16.1	134.86	0.74
B708	35.82	14.9	112.68	0.89
B709	38.69	20.4	116.83	0.86
B711	40.57	14.9	127.01	0.79
B713	45.28	13.9	151.82	0.66
B717	36.91	22.4	121.39	0.82
B722	36.94	15	103.19	0.97
B725	41.6	15	138.59	0.72
B729	38.47	17.2	155.32	0.64
B73	45.7	12.5	121.39	0.82
B732	32.88	14.6	132.4	0.76
B734	50.19	14.4	123.64	0.81
B737	51.12	10.9	150.94	0.66
B742	50	12.6	132.12	0.76
B745	46.97	12.4	122.27	0.82
B746	46.06	12.4	131.54	0.76
B75	47.64	14.6	125.55	0.8
B757	46.09	13.2	119.82	0.83
B758	42.29	14.5	106.46	0.94
B761	47.49	12.6	136.66	0.73
B768	52.06	13	130.46	0.77
B769	46.17	13.1	136.91	0.73
B770	46.59	14.4	133.32	0.75
B771	44.95	14	121.77	0.82
B775	55.25	12.4	124.99	0.8
B778	44.19	12.1	138.75	0.72
B779	47.18	15.2	98.09	1.02
B78	45.75	12.9	126.41	0.79
B780	51.22	10.6	124.91	0.8
B782	49.57	15.7	153.58	0.65
B785	48.04	16	136.66	0.73
B788	49.56	10.3	136.35	0.73
B8	43.63	16.5	131.2	0.76
B806	50.16	16.9	149.98	0.67
B809	42.2	11.8	137.84	0.73
B810	48.22	14.3	139.44	0.72
B815	43.62	17.6	137.01	0.73
B818	41.95	12.7	132.18	0.76
B82	44.89	14.4	150.7	0.66
B820	46.51	22.2	127.47	0.78
B823	34.65	13.3	187.66	0.53
B827	44.18	14.3	130.53	0.77
B831	42.25	14.7	134.35	0.74
B85	45.81	13.4	140.87	0.71
B86	45.51	14.4	129.92	0.77
B89	42.99	16.5	157.59	0.63
B9	39.35	12.8	117.93	0.85
B90	45.91	14.7	129.75	0.77
B95	41.45	25.9	150.57	0.66
C1	35.65	15	126.39	0.79
C10	36.98	16.7	152.64	0.66
C106	42.47	14.1	127.35	0.79
C108	46.22	16.1	138.14	0.72
C109	41.06	16.6	114.01	0.88
C113	53.4	16.2	142.73	0.7
C114	42.41	18.2	123.68	0.81
C116	45.9	17	139.03	0.72
C118	39.6	19.9	141.55	0.71
C119	36.13	19.6	135.51	0.74
C120	50.9	11.5	128.57	0.78
C121	51.17	13.3	142.99	0.7
C122	48.03	9.3	143.9	0.69
C13	46.11	16.2	128.74	0.78
C130	48.76	13.2	151.25	0.66
C131	44.4	13.9	130.88	0.76
C133	44.3	17.3	226.18	0.44
C139	36.92	20	112.73	0.89
C14	37.4	15.2	123.49	0.81
C140	51.58	19.3	138.53	0.72
C141	37.76	14.8	117.39	0.85
C146	47.68	16.1	167	0.6
C147	46.81	15.7	116.9	0.86
C148	49.63	18.4	165.94	0.6
C149	34.14	20	129.07	0.77
C15	39.84	14.8	130.27	0.77
C150	38.6	15.2	111.4	0.9
C151	33.2	21.8	155.09	0.64
C153	45	17.1	199.66	0.5
C155	38.34	13.1	154.19	0.65
C159	45.29	15	163.91	0.61
C16	38.31	11.3	139.69	0.72
C163	45.63	21.8	126.87	0.79
C17	42.18	14.9	130.59	0.77
C172	40.88	16.6	214.65	0.47
C173	44.02	19.9	159.55	0.63
C177	44.13	14.8	142.53	0.7
C178	46.42	13.2	117.14	0.85
C181	40.32	15.3	127.87	0.78
C188	34.04	17.2	144	0.69
C190	44.04	13	168.24	0.59
C191	45.22	17.2	176.99	0.56
C192	48.69	15.6	176	0.57
C193	32.59	16.6	156.62	0.64
C194	46.03	17.4	137.18	0.73
C197	50.15	11	146.44	0.68
C2	47.35	12.2	141.33	0.71
C20	44.28	11.9	160.94	0.62
C21	36.35	15.2	165.42	0.6
C211	41.34	20	169.61	0.59
C213	38.32	16.1	128.91	0.78
C215	48.21	15.6	137.31	0.73
C216	43.32	15.2	143.79	0.7
C22	41.07	15.2	154.55	0.65
C226	46.53	13.8	127.11	0.79
C235	43.23	17.4	132.78	0.75
C237	48.69	16.2	142.78	0.7
C24	44.44	15.6	141.56	0.71
C241	45.05	10.9	144.37	0.69
C259	50.02	15.1	118.79	0.84
C265	43.63	14	156.64	0.64
C27	36.19	14.2	152.24	0.66
C270	42.58	19.9	175.96	0.57
C271	49.48	17.4	134.68	0.74
C273	43.32	14.9	109.75	0.91
C277	40.12	17.5	144.66	0.69
C284	39.03	21.7	136.62	0.73
C294	43.19	18.1	108.11	0.93
C296	40.5	19	132.71	0.75
C297	44.5	13	122.4	0.82
C298	42.19	14.1	135.72	0.74
C31	38.24	13.3	125.83	0.79
C321	49.39	17.8	128.2	0.78
C322	49.48	17.4	134.68	0.74
C336	50.21	14.7	153.61	0.65
C337	40.27	15.6	156.64	0.64
C34	39.38	15.3	137.07	0.73
C343	40.32	17.3	124.91	0.8
C344	38.89	14.2	143.11	0.7
C349	42.04	16.1	118.89	0.84
C35	40.97	12.9	126.39	0.79
C351	45.39	19.5	144.96	0.69
C379	36.18	19.2	116.84	0.86
C392	44.97	12.5	153.66	0.65
C4	43.97	10.3	143.94	0.69
C426	39.56	13	112.24	0.89
C43	39.34	13.5	137.42	0.73
C430	37.48	13.7	147.93	0.68
C45	45.17	12.4	139.69	0.72
C47	37.27	13.1	137.47	0.73
C49	45.87	12.8	121.8	0.82
C498	45.78	20.3	122.4	0.82
C502	44.72	21.8	121.45	0.82
C506	55.04	11.8	132.43	0.76
C51	50.51	12.1	138.1	0.72
C510	48.03	14.1	134.82	0.74
C516	43.52	17.4	146.98	0.68
C519	43.57	9.9	137.51	0.73
C529	39.03	21.7	136.62	0.73
C54	44.66	13.6	127.29	0.79
C543	41.95	16.4	113.78	0.88
C550	43.39	11.3	168.57	0.59
C56	46.32	13	127.84	0.78
C560	50.95	23.2	128.09	0.78
C567	50.02	17.8	173.37	0.58
C572	46.58	14.2	140.3	0.71
C573	50.1	15.5	120.76	0.83
C575	43.78	14.3	133.33	0.75
C576	49.88	16.5	128.43	0.78
C577	45.45	13	132.18	0.76
C578	50.48	16.9	158.29	0.63
C579	47.99	14.9	123.75	0.81
C580	47.8	12.7	108.74	0.92
C583	43.3	17	157.5	0.63
C584	43.73	14.7	123.02	0.81
C592	53.21	10.4	120.6	0.83
C597	47.57	12.4	106.26	0.94
C598	46.58	14.2	140.3	0.71
C6	37.72	12.8	140.21	0.71
C60	38.32	21.7	150.7	0.66
C600	46.15	8.6	137.01	0.73
C601	46.69	13.5	118.83	0.84
C602	40.37	14.1	142.53	0.7
C606	45.38	9.7	124.16	0.81
C607	43.28	15	100.41	1
C608	44.59	17.2	124.99	0.8
C61	52.49	14.2	147.54	0.68
C610	47.96	18.2	131.9	0.76
C611	49.37	12.5	117.3	0.85
C612	52.81	8.9	122.89	0.81
C613	44.31	15.9	110.69	0.9
C616	46.93	12.8	132.75	0.75
C617	51.33	15.5	131.29	0.76
C618	48.06	18.7	146.11	0.68
C62	37.35	14.7	124.93	0.8
C623	39.44	16.7	137.14	0.73
C63	41.38	18.1	120.51	0.83
C631	37.78	14	136.2	0.73
C632	39.43	17.5	140.39	0.71
C633	41.25	19	143.36	0.7
C635	37.18	12.3	140.21	0.71
C636	40.96	10.1	145.83	0.69
C638	39.92	13.8	177.28	0.56
C64	48.49	14.8	139.18	0.72
C643	32.58	19.9	162.92	0.61
C65	48.32	14.1	121.44	0.82
C650	36.26	15.6	149.09	0.67
C653	46.78	14.6	148.52	0.67
C655	36.03	15.5	138.97	0.72
C659	40.68	14	143.31	0.7
C669	41.83	13.9	169.07	0.59
C67	46.22	13.3	119.63	0.84
C671	42.71	16.9	131.2	0.76
C672	35.05	23.4	119.39	0.84
C681	46.02	16.5	146.77	0.68
C682	36.98	16.7	152.64	0.66
C684	41.89	16.5	148.35	0.67
C685	40.83	15.8	146.2	0.68
C687	44.87	13	133.97	0.75
C692	40.39	16.9	138.75	0.72
C693	35.25	16.3	170.56	0.59
C694	37.63	15.4	159.88	0.63
C697	45.67	15.2	155.75	0.64
C7	40.7	15	130.28	0.77
C700	42.33	17.8	119.77	0.83
C701	37.7	16.8	150.55	0.66
C703	40.2	21.6	132.1	0.76
C707	33.11	12.7	157.28	0.64
C71	44.39	15.6	136.31	0.73
C712	39.23	20.3	135.87	0.74
C714	40.23	15.5	119.25	0.84
C715	46.33	11.8	145.43	0.69
C716	38.78	19.7	116.77	0.86
C718	37.15	17.1	176.42	0.57
C719	41.67	14.9	131.81	0.76
C72	37.91	13.5	126.5	0.79
C720	40.31	14.8	143.58	0.7
C727	36.4	13	146.58	0.68
C728	35.66	16.7	176.25	0.57
C731	44.76	16.2	148.52	0.67
C735	44.79	17.9	145.06	0.69
C738	57.08	10.4	137.23	0.73
C739	47.52	16.5	129.52	0.77
C740	47.15	13	116.07	0.86
C741	47.64	11.8	141.87	0.7
C743	45.36	12.9	127.63	0.78
C744	52.41	12.9	128.43	0.78
C753	50.95	8.7	115.63	0.86
C754	52.11	18.6	134.82	0.74
C755	42.98	17.6	123.16	0.81
C756	44.56	16.4	108.2	0.92
C759	44.39	14.6	109.42	0.91
C76	45.64	16.3	127.96	0.78
C760	47.26	11.1	121.06	0.83
C764	57.65	12.2	130.74	0.76
C765	45.18	12.7	115.63	0.86
C766	54.34	11.6	139.62	0.72
C77	39.64	16.7	165.94	0.6
C772	42.87	9.9	138.13	0.72
C773	43.11	14	128.43	0.78
C774	47.18	13.3	135.12	0.74
C776	40.48	18.3	164.31	0.61
C783	48.33	11.4	139.03	0.72
C786	41.03	18.2	132.71	0.75
C79	52.75	13.6	140.51	0.71
C790	42.47	17	132.43	0.76
C791	37.97	23.4	105.24	0.95
C792	41.77	14.4	153.75	0.65
C793	44.1	26.3	117.17	0.85
C796	43.19	18.1	108.11	0.93
C797	33.74	15.4	125.99	0.79
C799	50.82	14.3	148.7	0.67
C80	47.76	14.8	130.58	0.77
C801	42.05	12.8	136.61	0.73
C803	47.73	18.4	133.07	0.75
C81	43.16	10	137.81	0.73
C817	40.5	19	132.71	0.75
C822	43.16	13.9	147.57	0.68
C829	47.97	13.8	124.91	0.8
C83	44.54	15.4	139.34	0.72
C832	46.18	14.2	126.59	0.79
C834	44.41	19.8	139.66	0.72
C84	51.9	13.6	129.39	0.77
C87	48.81	17.4	142.86	0.7
C88	47.97	16.1	132.12	0.76
C92	42.32	18.7	121.17	0.83
C94	42.39	10.9	136.71	0.73
C98	42.89	20.6	139.03	0.72
C99	41.73	12.6	112.83	0.89
D1	36.04	15.84	171.65	0.58
D10	49.45	16.74	152.18	0.66
D1002	38.4	17.46	154.85	0.65
D1005	39.13	19.56	148.01	0.68
D1006	40.86	11.09	168.71	0.59
D1008	34.29	18.77	153.7	0.65
D101	41.83	17.85	166.45	0.6
D1010	42.97	19.53	147.38	0.68
D1014	43.25	22.63	145.83	0.69
D102	35.54	13.53	159.29	0.63
D1027	35.52	17.35	146.06	0.68
D1029	36.13	20.45	183.91	0.54
D1033	41.13	16.09	164.02	0.61
D104	39.87	18.21	152.85	0.65
D1041	42.74	15.01	153.51	0.65
D1050	35.53	16.55	166.3	0.6
D1053	37.61	18.98	163.23	0.61
D1056	38.27	19.05	163.62	0.61
D106	43.01	17.55	158.17	0.63
D1060	36.55	15.99	144.01	0.69
D1061	44.23	19.58	148.41	0.67
D1063	36.61	20.49	144.01	0.69
D1066	34.47	17.9	154	0.65
D1067	43.89	15.13	146.53	0.68
D1068	40.09	14.01	139.1	0.72
D1069	42.86	15.2	154.93	0.65
D107	42.78	20	176.73	0.57
D1073	33.32	17.76	135.54	0.74
D1076	40.43	13.95	169.03	0.59
D1078	40.43	12.13	162.45	0.62
D1081	38.89	13.05	162.5	0.62
D1084	39.05	13.06	157.78	0.63
D1085	40.44	14.39	138.72	0.72
D1088	39.08	16.64	164.03	0.61
D1089	35.28	14.02	150.53	0.66
D1090	41.55	16.96	150.35	0.67
D1091	41.49	12.43	157.98	0.63
D1092	36.75	14.31	155.23	0.64
D1093	33.93	16.4	128	0.78
D1098	37.18	16.47	153.88	0.65
D1099	36.68	16.97	144.51	0.69
D11	42.47	12.54	175.14	0.57
D110	36.79	17.23	165.2	0.61
D1110	37.57	14.94	146.28	0.68
D1112	40.91	21.49	150.76	0.66
D1114	33.8	18.38	164.55	0.61
D1115	39	14.22	153.71	0.65
D1116	46.54	11.64	171.27	0.58
D1117	43.9	14.06	161.05	0.62
D1118	35.71	15.96	149.81	0.67
D1119	36.29	17.71	164.07	0.61
D112	30.27	12.27	169.69	0.59
D1121	29.78	16.24	145.3	0.69
D113	39.41	20.52	153.18	0.65
D12	40.1	16.87	165.54	0.6
D127	35.11	18.91	175.1	0.57
D13	36.47	15.71	183.62	0.54
D130	31.46	14.62	168.24	0.59
D132	33.88	19.71	152.43	0.66
D138	43.01	18.28	161.03	0.62
D143	32.62	19.86	166.96	0.6
D152	42.19	15.52	157.64	0.63
D153	36.08	18.11	162.06	0.62
D154	55.95	16.9	166.08	0.6
D157	35.37	14.5	167.13	0.6
D159	40.53	20.45	159.57	0.63
D16	32.56	14.8	159.82	0.63
D160	35.83	16.07	150.82	0.66
D163	27.84	18.85	171.2	0.58
D166	38.61	17.95	144.77	0.69
D168	35.67	19.23	167.21	0.6
D169	35.82	22.03	165.18	0.61
D170	36.96	14.65	167.71	0.6
D172	31.02	15.67	167.88	0.6
D173	34.96	19.13	167.02	0.6
D176	27.98	19.67	181.88	0.55
D178	39.14	23.03	167.86	0.6
D179	38.8	15.84	167.92	0.6
D181	44.85	15.65	164.41	0.61
D182	36.7	20.23	168.86	0.59
D187	31.81	18.39	159.48	0.63
D188	37.09	22.42	165.79	0.6
D19	41.41	14.18	168.89	0.59
D190	44.69	17.13	165.74	0.6
D191	36.84	18.22	159.33	0.63
D193	38.99	15.26	163.42	0.61
D194	35.77	20.38	155.68	0.64
D195	39.38	15.8	162.81	0.61
D197	45.32	16.85	171.27	0.58
D20	45.64	15.73	163.77	0.61
D200	31.85	16.04	184.34	0.54
D203	36.83	16.52	173.8	0.58
D207	45.52	14.39	176.97	0.57
D208	35.44	16.33	170.41	0.59
D209	41.46	16.64	154.81	0.65
D215	41.99	16.09	179.58	0.56
D217	44.09	21.45	165.36	0.6
D218	34.48	19.88	163.14	0.61
D222	34.18	18.98	164.21	0.61
D223	34.84	11.91	174.38	0.57
D225	36.21	20.02	168.26	0.59
D226	46.5	12	160.97	0.62
D23	36.65	9.31	160.97	0.62
D231	33.75	15.33	164.29	0.61
D236	35.05	15.36	159.25	0.63
D239	36.88	15.05	159.68	0.63
D24	35.32	17.86	162.94	0.61
D241	41.67	16.6	160.23	0.62
D243	42.2	14.97	158.16	0.63
D249	37.64	19.05	159.24	0.63
D250	43.84	17.48	176.02	0.57
D254	42.82	13.1	156.32	0.64
D259	37.4	15.9	164.94	0.61
D26	40.36	13.27	176.03	0.57
D260	30.56	23	172.74	0.58
D262	36.64	21.2	145.42	0.69
D263	35.02	19.78	174.98	0.57
D27	42.2	19.31	150.11	0.67
D271	36.91	15.47	148.66	0.67
D273	35.78	17.5	166.17	0.6
D277	38.49	19.79	168.25	0.59
D279	39.87	18.16	160.56	0.62
D280	36.81	17.46	167.92	0.6
D281	39.99	9.86	171.91	0.58
D283	39.22	25.88	191.83	0.52
D284	43.28	16.31	164.42	0.61
D286	36.19	14.97	153.65	0.65
D287	36.83	12.93	174.96	0.57
D289	43.64	9.85	161.27	0.62
D290	40.01	16.65	166.49	0.6
D294	38.17	12.27	151.86	0.66
D297	36.46	19.58	177.9	0.56
D298	46.37	15.28	156.52	0.64
D299	42.25	16.78	162.39	0.62
D305	40.71	25.77	168.8	0.59
D306	40.31	16.99	164.16	0.61
D309	46.52	16.62	149.31	0.67
D310	32.99	15.46	163.47	0.61
D315	36.6	14.38	172.57	0.58
D320	42.29	20.4	177.05	0.56
D322	50.91	16.17	164.84	0.61
D326	35.19	17.74	178.39	0.56
D327	44.93	14.81	176.05	0.57
D328	37.17	16.65	191.35	0.52
D330	42.83	12.07	169.34	0.59
D332	41.96	18.3	161.67	0.62
D334	39.34	13.85	152.25	0.66
D335	32.68	12.97	172.33	0.58
D336	39.94	13.97	159.7	0.63
D342	40.85	15.35	153.65	0.65
D343	39.05	12.08	155.47	0.64
D345	35.02	15.35	169.08	0.59
D347	33.49	12.81	174.64	0.57
D353	41.47	11.06	164.82	0.61
D355	33.95	15.86	153.06	0.65
D356	35.86	11.13	171.01	0.58
D361	30.86	17.88	184.25	0.54
D366	47.37	16.65	162.12	0.62
D367	37.12	13.18	165.66	0.6
D368	47.98	14.49	159.88	0.63
D373	42.43	15.81	160.71	0.62
D375	44.17	18.05	168.14	0.59
D377	37.28	12.19	166.27	0.6
D378	44.27	21.71	170.3	0.59
D380	39.78	13.93	171.24	0.58
D381	41.09	15.57	184.32	0.54
D382	44.79	17.05	164.75	0.61
D385	36.38	10.24	163.93	0.61
D386	37.59	19.99	165.48	0.6
D387	46.69	13.88	155.49	0.64
D389	36.04	19.01	166.61	0.6
D391	37.76	16.8	180	0.56
D394	36.07	16.86	156.33	0.64
D395	43.94	16.11	140.21	0.71
D396	36.07	14.41	173.52	0.58
D397	34.98	14.87	153.45	0.65
D4	36.99	14.62	166.58	0.6
D400	38.15	17.57	154.93	0.65
D402	34.56	12.67	145.48	0.69
D404	39.09	15.74	143.9	0.69
D408	36.54	19.07	145.26	0.69
D413	35.64	19.04	170.14	0.59
D415	35.78	16.26	157.2	0.64
D424	40.7	17.6	146	0.68
D427	34.9	18.29	145.68	0.69
D430	33.92	16	159.25	0.63
D431	38.56	19.37	151.99	0.66
D432	45.39	13.89	158.34	0.63
D434	36.35	14.76	173.78	0.58
D435	34.58	17.35	149.99	0.67
D437	44.37	18.66	160.29	0.62
D439	38.21	17.68	154.25	0.65
D440	43.37	13.93	163.37	0.61
D441	36.6	16.89	156.81	0.64
D443	39.6	15.07	174.38	0.57
D444	34.36	16.75	152.91	0.65
D457	36.67	16.58	156.84	0.64
D459	42.24	13.91	161.75	0.62
D474	37.68	16.39	167.23	0.6
D477	45.89	18.62	169.51	0.59
D512	37.06	12.86	165.04	0.61
D513	32.7	20.28	178.97	0.56
D554	38.34	12.48	165.09	0.61
D557	42.45	17.54	164.03	0.61
D584	37.57	16.2	161.7	0.62
D594	41.84	16.15	156.72	0.64
D6	39.1	16.33	160.71	0.62
D605	38.16	16.26	151.04	0.66
D617	40.15	15.77	160.76	0.62
D620	39.52	13.93	163.33	0.61
D621	37.08	18.28	158.47	0.63
D633	39.43	13.19	151.55	0.66
D634	42.3	15.05	160.63	0.62
D635	39.83	18.64	141.04	0.71
D641	37.18	16.38	153.4	0.65
D645	39.08	16.62	160.29	0.62
D648	42.38	18.46	160.51	0.62
D654	38.7	15.88	170.63	0.59
D656	40.05	19.33	151.67	0.66
D661	35.21	15.84	166.14	0.6
D662	33.51	18.47	167.98	0.6
D668	33.32	20	152.54	0.66
D670	45.94	14.83	159.81	0.63
D679	38.6	16.15	156.92	0.64
D681	35.9	17.89	147.73	0.68
D683	37.62	15.66	166.42	0.6
D704	39.81	15.06	147.61	0.68
D713	43.67	12.77	161.37	0.62
D726	36.85	15.21	175.82	0.57
D771	36.08	16.74	170.73	0.59
D786	45.49	15.4	146.04	0.68
D789	37.09	16.15	149.75	0.67
D792	46.77	18.17	150.01	0.67
D794	40.29	19.19	161.47	0.62
D799	34.09	20.12	139.03	0.72
D801	38.43	16.4	157	0.64
D811	39.29	16.98	149.58	0.67
D812	36.28	14.35	138.69	0.72
D819	36.64	12.75	153.9	0.65
D825	36.4	24.96	153.66	0.65
D830	36.75	17.82	180.34	0.55
D834	34.46	14.91	151.25	0.66
D855	34.23	10.24	166.42	0.6
D857	34.29	17.78	158.13	0.63
D865	31.98	21.05	147.26	0.68
D896	41.75	16.41	143.48	0.7
D902	34.48	19.71	155.04	0.64
D91	36.87	21.32	176.97	0.57
D915	38.37	20.07	161.75	0.62
D921	35.62	16.36	153.33	0.65
D922	43.08	14.32	149.2	0.67
D927	39.69	15.31	153.93	0.65
D93	39.32	11.82	166.55	0.6
D930	34.43	28.53	178.71	0.56
D931	43.65	22.85	162.51	0.62
D94	29.39	20.32	179.95	0.56
D946	47.68	15.81	165.18	0.61
D956	43.34	16.49	163.08	0.61
D957	44.71	14.64	145.75	0.69
D959	44.21	16.39	157.72	0.63
D962	37.79	18.35	161.69	0.62
D964	39.35	19.79	165.65	0.6
D966	36.68	19.02	164.76	0.61
D967	34.4	13.51	163.81	0.61
D969	39.05	13.17	156.96	0.64
D970	42.97	19.46	143.44	0.7
D973	39.86	16.05	173.39	0.58
D974	41.07	14.95	166.96	0.6
D976	40.18	19.71	143.67	0.7
D977	41.18	13.78	159.61	0.63
D982	42.16	18.58	179.41	0.56
D988	45.63	17.31	157.62	0.63
D993	27.67	25.13	187.59	0.53
D995	39.3	13.02	176.55	0.57
D996	32.37	19.86	141.98	0.7
D997	34.8	19.73	144.52	0.69
E1	39.03	16.9	144	0.69
E10	45.14	12.7	146	0.68
E11	46.91	10.1	136	0.74
E12	37.01	13.9	159	0.63
E13	46.43	13.2	156	0.64
E14	38.81	18.2	148	0.68
E15	48.21	11	152	0.66
E16	49.41	11.6	149	0.67
E17	38.6	14.1	165	0.61
E18	46.98	19.2	162	0.62
E19	52.71	15.3	155	0.65
E2	40.46	10.9	149	0.67
E20	45.05	12.2	169	0.59
E21	42.4	11.6	129	0.78
E22	41.53	11.9	166	0.6
E24	44.34	11.3	190	0.53
E25	53.84	14	158	0.63
E26	42.88	17.7	141	0.71
E27	47.06	10.4	158	0.63
E28	40.69	12.2	150	0.67
E289	42.98	10.1	138	0.72
E29	40.12	17	165	0.61
E290	41.95	14.9	139	0.72
E291	38.39	16.9	165	0.61
E292	43.59	16.6	156	0.64
E293	46.15	12.5	147	0.68
E294	46.6	15.2	170	0.59
E295	47.15	16.3	146	0.68
E296	42.31	11.9	150	0.67
E297	38.37	15.5	134	0.75
E298	44.77	16.9	146	0.68
E299	42.22	13	148	0.68
E3	53.29	9.9	152	0.66
E30	41.56	17.1	140	0.71
E300	42.31	17.4	153	0.65
E301	42.75	12.8	164	0.61
E302	44.38	13.2	144	0.69
E303	47.02	13	147	0.68
E304	55.52	16.1	141	0.71
E305	46.13	13	158	0.63
E306	46.03	11	144	0.69
E307	38.64	13	146	0.68
E308	46.42	12.4	149	0.67
E309	35.84	18.2	144	0.69
E31	40.72	15.9	134	0.75
E310	48.7	13	146	0.68
E311	42.43	16.3	162	0.62
E312	46.44	12.8	165	0.61
E313	50.89	12.4	152	0.66
E314	44.59	10.3	161	0.62
E315	39.01	11.9	145	0.69
E316	49.26	14.6	149	0.67
E317	46.92	15.5	136	0.74
E318	42.08	12.9	145	0.69
E319	42.93	16.6	148	0.68
E32	42.08	12.4	150	0.67
E320	47.54	14.3	142	0.7
E321	47.93	13	145	0.69
E322	35.62	17.3	137	0.73
E323	39.85	19.7	153	0.65
E324	40.1	21.5	160	0.63
E325	39.6	15.6	153	0.65
E326	39.88	15.6	160	0.63
E327	41.91	11.3	149	0.67
E328	38	11.3	143	0.7
E329	50.62	12.4	157	0.64
E33	39.74	13.1	143	0.7
E330	47.16	13	146	0.68
E331	45.85	14.9	169	0.59
E332	39.96	15.2	133	0.75
E333	40.82	14.4	153	0.65
E334	40.26	9.9	154	0.65
E335	41.41	11.2	139	0.72
E336	37.55	12.9	176	0.57
E337	42.45	6.5	158	0.63
E338	35.88	12.8	146	0.68
E339	41.41	12.7	154	0.65
E34	43.26	13	148	0.68
E340	41.37	15.4	141	0.71
E341	37.93	13.6	172	0.58
E342	35.48	15.9	144	0.69
E343	42.76	15.3	168	0.6
E344	36.87	15.8	145	0.69
E345	44.59	14.1	155	0.65
E346	41.97	15.8	150	0.67
E347	37.47	17.4	157	0.64
E348	45.59	12.8	153	0.65
E349	35.62	14.1	140	0.71
E35	44.24	15.2	156	0.64
E350	40.77	12.7	153	0.65
E351	34.27	16.7	141	0.71
E353	46.68	13.3	146	0.68
E354	41.38	13.4	137	0.73
E356	51.02	12.7	142	0.7
E357	43.63	12.3	158	0.63
E358	38.64	17.5	147	0.68
E359	44.19	13.6	147	0.68
E36	51.45	13	140	0.71
E360	41.88	20.2	157	0.64
E361	42.22	14.9	152	0.66
E362	40.57	14.4	155	0.65
E363	41.42	13.1	139	0.72
E364	40.95	12.6	146	0.68
E365	46.44	14.4	154	0.65
E366	41.93	9.4	155	0.65
E367	37.51	19.9	177	0.56
E37	36.51	11.5	148	0.68
E370	39.74	17	163	0.61
E371	40.58	14.1	147	0.68
E372	38.88	13.9	163	0.61
E373	41.92	13.2	140	0.71
E38	38.34	10.9	165	0.61
E39	46.53	12.6	145	0.69
E4	48.87	13.4	155	0.65
E40	35.19	12.8	150	0.67
E42	34.42	17	143	0.7
E43	43.28	12.1	145	0.69
E44	45.34	11.1	158	0.63
E45	38.67	18.2	158	0.63
E46	47.64	9.6	145	0.69
E47	45.22	15.3	158	0.63
E48	34.38	11.8	147	0.68
E49	44.96	17.7	149	0.67
E5	44	18.6	158	0.63
E50	40.15	11.3	139	0.72
E51	46.92	13.8	149	0.67
E52	43.31	10.4	147	0.68
E53	37.29	13	154	0.65
E54	38.85	18.1	151	0.66
E55	42.49	11.5	136	0.74
E56	36.1	15.1	130	0.77
E57	42.25	14.8	154	0.65
E58	38.71	18.6	143	0.7
E59	43.5	11.5	171	0.58
E6	38.52	14.1	154	0.65
E60	42.95	13.9	161	0.62
E61	47.61	14.2	170	0.59
E62	34.69	13.4	160	0.63
E63	39.96	13.6	141	0.71
E64	30.97	20.4	141	0.71
E65	44.19	13.2	158	0.63
E66	43.69	12.2	157	0.64
E67	44.32	18.5	169	0.59
E68	35.66	15.1	161	0.62
E69	41.4	16.8	161	0.62
E7	31.83	14.3	145	0.69
E70	39.3	12.7	138	0.72
E71	47.69	11.3	154	0.65
E72	39.24	14.5	174	0.57
E73	43.48	14.5	150	0.67
E74	35.76	11	175	0.57
E75	36.61	20.5	168	0.6
E76	42.77	12.1	164	0.61
E77	33.98	22.1	149	0.67
E78	44.78	12.3	147	0.68
E79	42.68	20.6	162	0.62
E8	49.07	12	155	0.65
E81	42.09	12.7	171	0.58
E82	42	8.8	158	0.63
E83	42.94	18.7	154	0.65
E84	39.19	18.4	136	0.74
E85	36.65	16.8	139	0.72
E86	51.93	10.8	142	0.7
E87	51.86	13.3	163	0.61
E88	44.31	12.8	147	0.68
E89	47.08	10.4	150	0.67
E9	45.93	11.5	150	0.67
E90	47.05	14	141	0.71
E91	55.35	14.7	143	0.7
E95	35.02	12.9	155	0.65
E96	40.69	11.9	152	0.66
H374	44.46	15.9	171	0.58
H375	47.42	13.3	169	0.59
H376	44.04	13.7	145	0.69
H377	45.99	14.8	148	0.68
H378	40.59	13	148	0.68
H379	34.71	12.2	142	0.7
H380	42.06	18.8	150	0.67
H381	34.15	11.2	141	0.71
H382	40.28	20.6	151	0.66
H383	44.2	14.3	156	0.64
H384	45.35	17.3	145	0.69
H385	45.8	13.1	151	0.66
H386	49.89	11.2	151	0.66
H387	40.22	15.1	170	0.59
H388	39.17	15	155	0.65
H389	40.93	14.4	146	0.68
H390	40.82	12.2	163	0.61
H391	36.45	13	145	0.69
H392	46.23	15	152	0.66
H393	43.14	13.1	165	0.61
H394	41.44	16.4	158	0.63
H395	35.48	21.3	127	0.79
H396	43.44	12.4	149	0.67
H397	49.21	13.7	145	0.69
H398	47.41	11.6	151	0.66
H399	47.2	12.2	149	0.67
H400	37.78	17.4	140	0.71
